1519677639	0
1519677640	0
1519677641	0
1519677642	0
1519677643	0
1519677644	0
1519677645	0
1519677646	0
1519677647	0
1519677648	0
1519677649	0
1519677650	0
1519677651	0
1519677652	0
1519677653	0
1519677654	0
1519677655	0
1519677656	0
1519677657	0
1519677658	0
1519677659	0
1519677660	0
1519677661	0
1519677662	0
1519677663	0
1519677664	0
1519677665	0
1519677666	0
1519677667	0
1519677668	0
1519677669	0
1519677670	0
1519677671	0
1519677672	0
1519677673	0
1519677674	0
1519677675	0
1519677676	0
1519677677	0
1519677678	0
1519677679	0
1519677680	0
1519677681	0
1519677682	0
1519677683	0
1519677684	0
1519677685	0
1519677686	0
1519677687	0
1519677688	0
1519677689	0
1519677690	0
1519677691	0
1519677692	0
1519677693	0
1519677694	0
1519677695	0
1519677696	0
1519677697	0
1519677698	0
1519677699	0
1519677700	0
1519677701	0
1519677702	0
1519677703	0
1519677704	0
1519677705	0
1519677706	0
1519677707	0
1519677708	0
1519677709	0
1519677710	0
1519677711	0
1519677712	0
1519677713	0
1519677714	0
1519677715	0
1519677716	0
1519677717	0
1519677718	0
1519677719	0
1519677720	0
1519677721	0
1519677722	0
1519677723	0
1519677724	0
1519677725	0
1519677726	0
1519677727	0
1519677728	0
1519677729	0
1519677730	0
1519677731	0
1519677732	0
1519677733	0
1519677734	0
1519677735	0
1519677736	0
1519677737	0
1519677738	0
1519677739	0
1519677740	0
1519677741	0
1519677742	0
1519677743	0
1519677744	0
1519677745	0
1519677746	0
1519677747	0
1519677748	0
1519677749	0
1519677750	0
1519677751	0
1519677752	0
1519677753	0
1519677754	0
1519677755	0
1519677756	0
1519677757	0
1519677758	0
1519677759	0
1519677760	0
1519677761	0
1519677762	0
1519677763	0
1519677764	0
1519677765	0
1519677766	0
1519677767	0
1519677768	0
1519677769	0
1519677770	0
1519677771	0
1519677772	0
1519677773	0
1519677774	0
1519677775	0
1519677776	0
1519677777	0
1519677778	0
1519677779	0
1519677780	0
1519677781	0
1519677782	0
1519677783	0
1519677784	0
1519677785	0
1519677786	0
1519677787	0
1519677788	0
1519677789	0
1519677790	0
1519677791	0
1519677792	0
1519677793	0
1519677794	0
1519677795	0
1519677796	0
1519677797	0
1519677798	0
1519677799	0
1519677800	0
1519677801	0
1519677802	0
1519677803	0
1519677804	0
1519677805	0
1519677806	0
1519677807	0
1519677808	0
1519677809	0
1519677810	0
1519677811	0
1519677812	0
1519677813	0
1519677814	0
1519677815	0
1519677816	0
1519677817	0
1519677818	0
1519677819	0
1519677820	0
1519677821	0
1519677822	0
1519677823	0
1519677824	0
1519677825	0
1519677826	0
1519677827	0
1519677828	0
1519677829	0
1519677830	0
1519677831	0
1519677832	0
1519677833	0
1519677834	0
1519677835	0
1519677836	0
1519677837	0
1519677838	0
1519677839	0
1519677840	0
1519677841	0
1519677842	0
1519677843	0
1519677844	0
1519677845	0
1519677846	0
1519677847	0
1519677848	0
1519677849	0
1519677850	0
1519677851	0
1519677852	0
1519677853	0
1519677854	0
1519677855	0
1519677856	0
1519677857	0
1519677858	0
1519677859	0
1519677860	0
1519677861	0
1519677862	0
1519677863	0
1519677864	0
1519677865	0
1519677866	0
1519677867	0
1519677868	0
1519677869	0
1519677870	0
1519677871	0
1519677872	0
1519677873	0
1519677874	0
1519677875	0
1519677876	0
1519677877	0
1519677878	0
1519677879	0
1519677880	0
1519677881	0
1519677882	0
1519677883	0
1519677884	0
1519677885	0
1519677886	0
1519677887	0
1519677888	0
1519677889	0
1519677890	0
1519677891	0
1519677892	0
1519677893	0
1519677894	0
1519677895	0
1519677896	0
1519677897	0
1519677898	0
1519677899	0
1519677900	0
1519677901	0
1519677902	0
1519677903	0
1519677904	0
1519677905	0
1519677906	0
1519677907	0
1519677908	0
1519677909	0
1519677910	0
1519677911	0
1519677912	0
1519677913	0
1519677914	0
1519677915	0
1519677916	0
1519677917	0
1519677918	0
1519677919	0
1519677920	0
1519677921	0
1519677922	0
1519677923	0
1519677924	0
1519677925	0
1519677926	0
1519677927	0
1519677928	0
1519677929	0
1519677930	0
1519677931	0
1519677932	0
1519677933	0
1519677934	0
1519677935	0
1519677936	0
1519677937	0
1519677938	0
1519677939	0
1519677940	0
1519677941	0
1519677942	0
1519677943	0
1519677944	0
1519677945	0
1519677946	0
1519677947	0
1519677948	0
1519677949	0
1519677950	0
1519677951	0
1519677952	0
1519677953	0
1519677954	0
1519677955	0
1519677956	0
1519677957	0
1519677958	0
1519677959	0
1519677960	0
1519677961	0
1519677962	0
1519677963	0
1519677964	0
1519677965	0
1519677966	0
1519677967	0
1519677968	0
1519677969	0
1519677970	0
1519677971	0
1519677972	0
1519677973	0
1519677974	0
1519677975	0
1519677976	0
1519677977	0
1519677978	0
1519677979	0
1519677980	0
1519677981	0
1519677982	0
1519677983	0
1519677984	0
1519677985	0
1519677986	0
1519677987	0
1519677988	0
1519677989	0
1519677990	0
1519677991	0
1519677992	0
1519677993	0
1519677994	0
1519677995	0
1519677996	0
1519677997	0
1519677998	0
1519677999	0
1519678000	0
1519678001	0
1519678002	0
1519678003	0
1519678004	0
1519678005	0
1519678006	0
1519678007	0
1519678008	0
1519678009	0
1519678010	0
1519678011	0
1519678012	0
1519678013	0
1519678014	0
1519678015	0
1519678016	0
1519678017	0
1519678018	0
1519678019	0
1519678020	0
1519678021	0
1519678022	0
1519678023	0
1519678024	0
1519678025	0
1519678026	0
1519678027	0
1519678028	0
1519678029	0
1519678030	0
1519678031	0
1519678032	0
1519678033	0
1519678034	0
1519678035	0
1519678036	0
1519678037	0
1519678038	0
1519678039	0
1519678040	0
1519678041	0
1519678042	0
1519678043	0
1519678044	0
1519678045	0
1519678046	0
1519678047	0
1519678048	0
1519678049	0
1519678050	0
1519678051	0
1519678052	0
1519678053	0
1519678054	0
1519678055	0
1519678056	0
1519678057	0
1519678058	0
1519678059	0
1519678060	0
1519678061	0
1519678062	0
1519678063	0
1519678064	0
1519678065	0
1519678066	0
1519678067	0
1519678068	0
1519678069	0
1519678070	0
1519678071	0
1519678072	0
1519678073	0
1519678074	0
1519678075	0
1519678076	0
1519678077	0
1519678078	0
1519678079	0
1519678080	0
1519678081	0
1519678082	0
1519678083	0
1519678084	0
1519678085	0
1519678086	0
1519678087	0
1519678088	0
1519678089	0
1519678090	0
1519678091	0
1519678092	0
1519678093	0
1519678094	0
1519678095	0
1519678096	0
1519678097	0
1519678098	0
1519678099	0
1519678100	0
1519678101	0
1519678102	0
1519678103	0
1519678104	0
1519678105	0
1519678106	0
1519678107	0
1519678108	0
1519678109	0
1519678110	0
1519678111	0
1519678112	0
1519678113	0
1519678114	0
1519678115	0
1519678116	0
1519678117	0
1519678118	0
1519678119	0
1519678120	0
1519678121	0
1519678122	0
1519678123	0
1519678124	0
1519678125	0
1519678126	0
1519678127	0
1519678128	0
1519678129	0
1519678130	0
1519678131	0
1519678132	0
1519678133	0
1519678134	0
1519678135	0
1519678136	0
1519678137	0
1519678138	0
1519678139	0
1519678140	0
1519678141	0
1519678142	0
1519678143	0
1519678144	0
1519678145	0
1519678146	0
1519678147	0
1519678148	0
1519678149	0
1519678150	0
1519678151	0
1519678152	0
1519678153	0
1519678154	0
1519678155	0
1519678156	0
1519678157	0
1519678158	0
1519678159	0
1519678160	0
1519678161	0
1519678162	0
1519678163	0
1519678164	0
1519678165	0
1519678166	0
1519678167	0
1519678168	0
1519678169	0
1519678170	0
1519678171	0
1519678172	0
1519678173	0
1519678174	0
1519678175	0
1519678176	0
1519678177	0
1519678178	0
1519678179	0
1519678180	0
1519678181	0
1519678182	0
1519678183	0
1519678184	0
1519678185	0
1519678186	0
1519678187	0
1519678188	0
1519678189	0
1519678190	0
1519678191	0
1519678192	0
1519678193	0
1519678194	0
1519678195	0
1519678196	0
1519678197	0
1519678198	0
1519678199	0
1519678200	0
1519678201	0
1519678202	0
1519678203	0
1519678204	0
1519678205	0
1519678206	0
1519678207	0
1519678208	0
1519678209	0
1519678210	0
1519678211	0
1519678212	0
1519678213	0
1519678214	0
1519678215	0
1519678216	0
1519678217	0
1519678218	0
1519678219	0
1519678220	0
1519678221	0
1519678222	0
1519678223	0
1519678224	0
1519678225	0
1519678226	0
1519678227	0
1519678228	0
1519678229	0
1519678230	0
1519678231	0
1519678232	0
1519678233	0
1519678234	0
1519678235	0
1519678236	0
1519678237	0
1519678238	0
1519678239	0
1519678240	0
1519678241	0
1519678242	0
1519678243	0
1519678244	0
1519678245	0
1519678246	0
1519678247	0
1519678248	0
1519678249	0
1519678250	0
1519678251	0
1519678252	0
1519678253	0
1519678254	0
1519678255	0
1519678256	0
1519678257	0
1519678258	0
1519678259	0
1519678260	0
1519678261	0
1519678262	0
1519678263	0
1519678264	0
1519678265	0
1519678266	0
1519678267	0
1519678268	0
1519678269	0
1519678270	0
1519678271	0
1519678272	0
1519678273	0
1519678274	0
1519678275	0
1519678276	0
1519678277	0
1519678278	0
1519678279	0
1519678280	0
1519678281	0
1519678282	0
1519678283	0
1519678284	0
1519678285	0
1519678286	0
1519678287	0
1519678288	0
1519678289	0
1519678290	0
1519678291	0
1519678292	0
1519678293	0
1519678294	0
1519678295	0
1519678296	0
1519678297	0
1519678298	0
1519678299	0
1519678300	0
1519678301	0
1519678302	0
1519678303	0
1519678304	0
1519678305	0
1519678306	0
1519678307	0
1519678308	0
1519678309	0
1519678310	0
1519678311	0
1519678312	0
1519678313	0
1519678314	0
1519678315	0
1519678316	0
1519678317	0
1519678318	0
1519678319	0
1519678320	0
1519678321	0
1519678322	0
1519678323	0
1519678324	0
1519678325	0
1519678326	0
1519678327	0
1519678328	0
1519678329	0
1519678330	0
1519678331	0
1519678332	0
1519678333	0
1519678334	0
1519678335	0
1519678336	0
1519678337	0
1519678338	0
1519678339	0
1519678340	0
1519678341	0
1519678342	0
1519678343	0
1519678344	0
1519678345	0
1519678346	0
1519678347	0
1519678348	0
1519678349	0
1519678350	0
1519678351	0
1519678352	0
1519678353	0
1519678354	0
1519678355	0
1519678356	0
1519678357	0
1519678358	0
1519678359	0
1519678360	0
1519678361	0
1519678362	0
1519678363	0
1519678364	0
1519678365	0
1519678366	0
1519678367	0
1519678368	0
1519678369	0
1519678370	0
1519678371	0
1519678372	0
1519678373	0
1519678374	0
1519678375	0
1519678376	0
1519678377	0
1519678378	0
1519678379	0
1519678380	0
1519678381	0
1519678382	0
1519678383	0
1519678384	0
1519678385	0
1519678386	0
1519678387	0
1519678388	0
1519678389	0
1519678390	0
1519678391	0
1519678392	0
1519678393	0
1519678394	0
1519678395	0
1519678396	0
1519678397	0
1519678398	0
1519678399	0
1519678400	0
1519678401	0
1519678402	0
1519678403	0
1519678404	0
1519678405	0
1519678406	0
1519678407	0
1519678408	0
1519678409	0
1519678410	0
1519678411	0
1519678412	0
1519678413	0
1519678414	0
1519678415	0
1519678416	0
1519678417	0
1519678418	0
1519678419	0
1519678420	0
1519678421	0
1519678422	0
1519678423	0
1519678424	0
1519678425	0
1519678426	0
1519678427	0
1519678428	0
1519678429	0
1519678430	0
1519678431	0
1519678432	0
1519678433	0
1519678434	0
1519678435	0
1519678436	0
1519678437	0
1519678438	0
1519678439	0
1519678440	0
1519678441	0
1519678442	0
1519678443	0
1519678444	0
1519678445	0
1519678446	0
1519678447	0
1519678448	0
1519678449	0
1519678450	0
1519678451	0
1519678452	0
1519678453	0
1519678454	0
1519678455	0
1519678456	0
1519678457	0
1519678458	0
1519678459	0
1519678460	0
1519678461	0
1519678462	0
1519678463	0
1519678464	0
1519678465	0
1519678466	0
1519678467	0
